1262
1224
959
495
1366
741
739
2855
166
2296
2327
1686
446
2504
1794
1435
1747
2810
569
928
3299
3374
585
468
2172
173
964
3665
1551
3941
984
1937
619
394
3385
1254
269
242
2215
2200
2886
3833
2095
3609
363
3555
3471
3405
818
3621
1393
3677
3369
3581
1919
2487
991
509
3704
728
20
3671
1573
2910
126
1472
3103
3599
3938
740
2179
2335
3729
577
3651
375
1468
1643
3232
2827
3120
293
2351
3745
351
402
3032
2564
1113
221
3375
2992
312
361
1527
3809
52
3072
1972
3798
3410
240
2539
3568
3031
646
822
1934
1073
1315
252
353
1233
3094
280
392
1376
3313
1598
520
1786
723
3892
2591
3002
838
2113
3416
776
2792
3179
2046
2555
1369
949
1145
2393
2740
2470
210
60
391
59
872
75
2441
1671
992
1160
1024
3401
150
2047
2573
1134
531
86
2239
2394
313
2597
1047
1424
3445
1431
3362
1075
330
2305
2932
1750
309
2743
607
1377
3657
596
2988
1648
543
615
1757
1520
322
2034
94
427
1744
791
178
3772
53
3548
2469
849
306
535
1025
3633
264
187
3402
3542
3514
2006
2348
3837
1449
1
3997
3533
2401
987
1404
3957
1717
2728
401
937
1912
519
260
38
1060
3239
17
114
2940
3636
2140
3848
184
3380
3180
1556
227
857
1767
492
216
2138
2616
2506
1177
2451
2008
1324
1682
1796
3985
3487
3836
292
704
1255
3630
3943
2320
3095
2070
552
3770
3566
1760
234
1346
1980
417
541
3639
1098
1265
300
3393
2783
3201
3947
3063
3460
1616
1633
660
1012
494
2254
1950
3261
3518
2758
3223
3390
1094
702
218
2216
382
578
3025
2029
2343
3415
2136
1586
1734
3424
1918
729
2688
2090
671
3165
3847
1848
2701
902
725
3680
325
1677
245
3605
107
3456
2478
2226
2097
1153
3034
2173
2593
1149
2803
30
3245
1270
2480
2937
3512
2127
1951
945
558
2256
1341
1776
82
3524
3843
2653
37
1552
663
2919
3534
1986
2847
2554
3701
414
2819
1522
204
154
3291
999
820
1927
689
3479
1790
3697
3883
3118
2362
979
3230
1248
2431
914
219
3675
2205
1032
2236
1514
3820
3236
3748
98
2165
2513
2660
3185
516
1309
2676
639
2575
498
3753
3593
449
2537
2283
2141
1860
3244
1701
1984
653
2993
1559
1617
175
1519
2198
1855
3740
3267
3271
2880
3561
1222
3863
3004
2729
534
1136
502
220
3826
1506
1987
2618
969
1866
3003
226
1352
1627
2011
2935
586
3049
1508
1840
1920
3122
674
475
1184
1577
2211
529
200
3716
1403
1165
1226
1388
1196
2252
1267
3458
1294
3993
1991
36
3804
3954
1363
1372
215
2599
358
395
3672
1567
341
1237
2941
3071
718
3231
3509
3429
699
2926
733
2874
90
688
56
2909
1058
2075
3128
2840
2885
3256
3312
1667
1992
486
2417
2459
1959
613
3305
676
3146
640
2696
1348
3041
3702
899
3976
3203
2517
3286
2813
3108
2328
2150
3746
1774
3830
2898
2966
3121
1888
3078
1211
3775
3687
1511
3268
2190
990
1101
1492
2870
3300
133
1873
1129
388
2661
685
3493
3897
927
1538
2457
1379
1822
3706
2777
1649
831
810
693
65
2278
2065
3849
721
565
2398
3935
650
3254
2769
3488
3762
2259
2174
85
3586
2213
525
2700
3551
257
3768
686
380
286
3315
931
3714
136
2248
1015
2220
989
3059
570
3872
2038
888
1416
3404
752
3152
2424
3761
3076
435
167
1719
2917
1085
3033
443
2378
35
3337
26
1745
1238
1291
506
3794
555
51
106
1175
1732
3679
681
344
3296
841
1549
3790
1669
648
2413
3273
2908
3690
3354
2836
3439
843
3552
770
938
827
1687
2946
963
3601
1330
272
659
1685
2876
890
1130
2967
3909
3527
3492
821
1433
2623
2292
332
630
631
2144
1355
2530
421
1277
3983
3102
785
2440
2031
3459
3132
1815
3856
1528
207
3342
2131
1055
1154
1050
3724
3769
3808
1727
3001
270
444
2427
2558
3060
2867
3024
423
2838
1915
2524
590
3580
3560
604
3097
259
1133
3092
784
278
442
3174
337
2667
3857
933
1347
3959
491
3357
1301
3124
3970
2444
3214
1517
9
1026
1689
1530
499
1543
2345
1621
2871
248
1364
2044
345
283
975
1359
118
1900
3951
1940
1065
1560
1835
3810
3450
3777
1928
128
2997
1464
2644
3175
3789
1623
3331
3930
912
277
1994
1151
1854
3901
2160
2243
1285
3062
2828
1488
3784
2544
2486
1799
1305
2321
560
3253
2135
3635
1791
3470
1367
2253
2274
261
14
3867
508
2576
1350
3834
1836
909
3521
3803
1929
1997
2892
2270
617
778
722
3441
1476
2412
1082
3816
627
1660
2367
694
3902
3634
1948
2681
1053
3958
2005
153
1641
3945
271
1001
3875
431
2770
3928
2540
3012
2159
317
3693
3077
3298
3199
2807
1392
3216
1735
2100
2282
3620
3115
551
557
2986
1453
3519
3670
461
3727
1489
2745
1463
2680
1259
1954
1193
69
3159
3624
2358
3996
1990
3157
3073
2799
794
1792
1033
658
1708
3898
3962
2514
1322
3641
3234
2197
3535
1521
3854
3988
1804
3233
2384
2860
1334
1826
522
1271
290
3750
3482
134
2621
955
2796
201
350
2375
307
2780
3126
2212
940
961
1820
1831
2531
3411
2515
3725
3579
3544
1290
2449
1712
1035
2324
3207
556
3907
2387
193
980
2651
2788
819
2386
1283
291
1246
2793
297
123
383
2069
1454
2175
3464
1323
319
1257
2339
244
2527
3887
2960
222
1019
1028
3105
1319
3156
1579
410
1481
1637
917
3263
799
579
982
3218
3689
1889
3252
666
1583
957
3608
2629
910
3227
2782
3163
1178
1861
1276
2646
3801
2845
1422
301
1062
3436
1279
1723
3625
758
418
340
3932
3065
792
3912
1197
3773
1108
3502
3451
3597
1112
2428
764
1386
537
748
1709
1505
3779
1580
3407
1483
1751
426
742
3360
2130
2842
66
3949
3844
2948
3348
2445
3550
1736
2861
2169
1452
680
859
1380
510
781
3797
2146
3213
1766
1231
751
3944
670
3549
1962
1221
2448
3650
3658
3978
2084
532
616
712
1931
783
3979
2119
2721
1675
2349
762
3749
581
3292
3420
1938
2795
2589
2193
1046
3574
644
3663
57
1048
1320
875
1720
1800
3020
2627
2786
2857
3240
3000
1810
1779
1402
3483
2873
1593
3695
3318
359
1666
1673
1171
1657
1688
2390
420
2257
777
1471
1609
809
3264
1448
2415
1466
3177
1957
3013
960
3588
174
962
2195
2725
867
1849
2185
1639
2022
1512
749
490
1624
1600
3192
1589
2267
601
412
2963
3046
956
2066
367
3278
2356
801
2719
2056
2233
2062
102
2972
1150
1174
1027
3257
3795
1622
1780
352
2839
1558
732
2735
1117
2153
2730
1358
1345
2817
1817
1004
3294
1223
3508
22
2529
1390
1695
2332
2285
1752
2568
3890
2306
3712
1540
2709
1914
1236
434
3413
2565
2260
2168
3019
2615
415
1207
1771
2434
1864
1590
139
1523
1411
2247
1499
1474
103
3619
808
1242
160
3176
2028
1087
3138
372
463
185
2096
2622
512
595
1484
2231
1485
3249
3884
1525
1759
2148
336
589
1691
1515
837
2466
2882
2485
1670
2964
3265
1302
145
1256
2396
343
2123
3125
1182
2818
1956
2279
191
368
2652
3406
1913
2662
3258
2331
696
2620
3430
3500
2000
3975
1659
1030
3660
329
761
1266
348
2970
364
1902
2856
2832
3472
79
2982
1086
2112
2516
2458
1725
282
609
1728
1903
3340
2409
1229
1022
2659
454
2724
2833
2542
1148
2778
921
121
2447
1057
1111
1865
641
1548
2760
769
1557
228
3982
2949
1135
1939
3081
2016
3208
1561
2774
735
1895
186
3106
3005
892
2968
2382
3638
27
2364
194
1052
1100
3659
1516
3030
536
3915
926
1124
3960
2821
377
664
2677
3721
371
349
842
373
3109
918
3989
1742
3015
1785
1109
105
3183
1808
3327
1187
15
1064
988
3438
622
3866
493
1921
1640
3038
1844
3760
1894
2002
462
2240
2939
2501
1874
2802
2612
2263
1710
669
273
2969
1354
3466
10
3526
386
1631
513
1881
129
1946
176
151
3173
3813
1465
2640
3468
1925
142
2925
1781
2879
3728
3933
3141
2559
812
3303
2317
2151
714
1970
1083
3742
1924
2611
262
951
2889
3311
977
3310
2039
2166
3812
3547
2147
3612
1647
333
87
2547
1344
476
706
2167
2702
2711
606
2726
2985
3971
3653
2079
1547
2288
2474
254
897
2162
637
2580
1095
457
2450
3573
3632
466
247
1288
713
628
2715
2738
515
1340
256
591
2924
3879
967
3325
1462
1461
2507
1893
2999
1731
1821
101
3228
2989
24
1985
2171
2222
1726
2672
3984
3587
2670
1190
3720
1077
1356
192
3370
1081
3995
3297
1867
3307
2124
3384
2585
3251
1788
1857
3532
553
2636
96
3881
1295
1105
2229
2974
3611
460
1158
2433
3324
869
2956
833
3422
1584
370
258
2106
2983
3966
2658
1079
2322
1118
2625
3529
238
2930
3047
1553
582
1116
3467
338
1209
2053
1531
2824
692
1765
1214
1973
2152
708
3918
3618
3987
1656
1234
814
2403
1045
539
2791
2372
2299
3037
3564
3270
2752
3559
3319
1533
356
1905
711
1570
2059
2584
3098
2928
3649
3029
1739
511
649
1292
3043
3341
2012
164
8
3546
507
3543
2734
2245
1679
675
2739
3852
3569
2161
691
425
112
3317
3382
1444
2637
1576
2418
2077
3220
1960
3347
845
3343
419
2224
3137
3246
2918
1406
2560
2048
3774
3755
1642
3321
547
1114
2852
1475
1562
3642
43
1191
3692
1203
1535
3075
1740
1574
3054
45
1834
2541
208
1665
903
2210
3595
2072
1926
3206
767
3531
2654
2027
1581
3388
1694
700
398
2338
1088
1412
953
195
2204
2353
3113
71
1037
2859
3851
2290
1965
1278
3330
1901
2981
2302
1318
62
3262
314
612
922
2710
268
1007
2163
3994
3058
1706
3339
1554
3781
2432
1967
2747
1981
2902
944
3734
3676
3577
3576
1342
3222
2183
1626
3699
2532
2437
2342
1724
2388
2863
2438
1437
1176
3865
2491
482
707
1159
856
518
2094
354
179
393
3455
2829
1439
1787
4
2129
697
3087
409
3861
2258
1126
324
456
3148
2206
1801
331
844
3964
298
3747
575
3371
2446
993
2383
3039
3501
3708
3939
1438
2920
304
497
661
1469
906
376
2397
1089
1399
1782
3991
18
2684
879
1743
3513
1200
2822
1896
3378
1911
3235
440
1202
225
1205
2717
1470
2518
2381
1384
233
750
2293
1450
1458
3187
2959
744
1868
1807
485
1217
1139
450
2748
2915
717
2647
887
1009
2380
834
3481
168
3269
760
404
2250
471
3096
1370
2467
2262
3594
862
1273
2628
3350
3462
1923
3673
1963
3792
3363
1374
562
1922
1509
2806
3956
3139
1863
2519
1365
797
3578
408
266
1993
1645
3356
3150
3737
2301
1961
2950
2581
3366
998
1314
2722
335
3017
1056
125
1853
3418
211
132
2820
1877
3980
2275
2961
3925
2511
2737
3556
3027
3242
3433
2505
357
864
89
1880
3050
3417
3841
580
2980
1886
3408
2336
1870
3946
2192
1839
1445
3272
3942
3391
2781
2978
3052
489
929
2690
2936
3135
119
1636
3193
911
986
3691
2638
3335
1892
2746
2826
3134
183
2523
2751
2643
1612
839
1000
2149
1702
2300
3722
3656
1968
3158
3279
850
1851
3541
1122
1748
2121
1103
548
2887
3876
3091
2520
206
891
2899
1601
3682
32
2665
2365
2041
2003
710
1722
1220
1451
2110
1274
39
2998
3170
1693
49
2341
2858
2942
3828
2904
3646
2552
738
1400
34
533
804
3860
594
1546
1592
3461
3167
1696
1595
289
2476
668
629
3936
1518
1407
2376
877
901
3537
2176
2538
67
763
1456
2962
715
1594
1703
2605
2994
3717
1102
3394
1568
3917
3832
3191
3288
3184
858
3523
913
2416
3051
621
99
1599
3329
1115
3806
947
399
2569
2503
1152
1005
1110
224
202
1879
544
1603
1373
1578
397
2230
3540
2510
2316
379
1017
1477
3101
2631
3112
1827
950
976
63
2392
3449
2893
2111
3739
1208
2891
1711
941
3931
347
3520
514
2600
880
1163
1210
3723
3093
396
1697
2145
1343
411
182
3473
1368
1036
1179
3287
798
1225
3131
3757
3539
2344
3751
1480
2484
28
3743
2720
2785
3086
1067
3589
1146
3345
3961
465
3285
3346
2953
2797
1144
3440
3895
1635
2410
1141
687
2312
3241
2032
2843
2232
1758
3110
1241
2402
3023
158
2805
1654
428
1010
2026
1204
437
416
2759
3392
863
3661
12
3787
2655
2286
968
3683
115
161
3010
3869
2370
3202
2408
2884
2326
2052
624
2315
1565
1161
1383
2771
505
1123
2957
576
2545
2929
2098
2971
1813
1478
2068
3698
2456
2706
1003
2493
3817
1534
2951
3545
2753
3485
1282
2355
745
1619
3840
2686
3282
2207
3937
163
95
2567
884
1610
2307
3082
3316
1684
2313
1620
3827
2922
455
2379
403
3028
3088
1978
1381
3764
2422
3040
3365
1646
390
1999
3778
2577
2789
2074
2420
318
3147
2551
836
1099
2533
172
2389
2277
1935
389
790
2687
3111
677
2749
138
645
275
881
3243
3591
1763
3119
3204
1795
3598
1034
241
1802
1157
2528
2013
144
779
2334
5
91
2184
564
7
1532
1120
279
1308
295
3064
1434
3355
1882
1979
3709
3403
3398
2483
3332
2464
2191
1596
1898
753
3100
1843
135
2862
3044
1443
3283
284
80
3607
2592
2755
651
157
2683
1542
3314
2465
3284
3116
2595
584
2045
3606
3045
3503
2209
1119
2033
1258
1263
1076
1638
3793
441
2668
33
571
636
886
64
771
366
3478
1564
3515
756
2570
1569
1287
406
55
131
1333
2877
2844
1413
3190
2890
2289
2181
1360
2453
3666
632
2868
1753
3489
731
1837
3143
70
3662
811
113
805
2354
342
2139
432
1097
2411
2489
3099
932
2716
3498
50
2733
253
1816
2632
84
2340
3182
2804
169
971
2742
2673
930
657
1249
3074
203
302
1634
2522
538
1668
2698
1632
3877
2704
521
2663
698
3195
3654
3083
2304
934
469
288
3474
2475
327
943
2723
527
813
303
2768
1936
2694
2608
3491
3528
3652
540
1811
870
3205
3486
2562
2371
1442
100
3238
1797
2361
2067
2502
573
626
488
464
3250
2708
2017
3805
835
1526
72
1042
3664
3304
1550
274
2756
452
2273
3386
3818
3465
3575
11
3136
2423
2291
860
310
1995
470
1947
1125
3149
2546
3623
1510
2425
907
48
1059
654
3349
1683
1415
1264
451
806
430
1180
1662
1269
568
1714
3494
1909
1544
2624
1916
3452
1537
2109
1539
3705
97
1447
995
2310
2790
3506
2639
